sampleSize 2 numOfDetailedIntervals 70
branchLengths 1.9999999800106238 
NumOfLineages 2.0 1.9792086759647052 1.9598094405250759 1.9398537314349842 1.9203129279589386 1.9011784036598742 1.8824417114557723 1.864094579890635 1.845282780573504 1.8268805241487638 1.8080700157548295 1.7904779010438512 1.7724955072656068 1.7549221906868246 1.737010896662273 1.7195245662400531 1.7024531167280337 1.685786704656174 1.668846204380633 1.652324173211648 1.6355740637310743 1.6192540566123832 1.6027497547577036 1.5866853240299092 1.5710490410244005 1.5552736652928867 1.539934088348504 1.5244932528672182 1.5089844947028972 1.4939343155164453 1.4793291555710537 1.464226009521915 1.4495987473574317 1.435432374488335 1.4208693657635236 1.4067934159611646 1.392795047190416 1.3785202057001227 1.3647641362794636 1.3511564778813723 1.3377184016569883 1.3244697799293461 1.3111177287833389 1.2980168043483 1.2851820820538546 1.2723545868194774 1.2595841245128656 1.2469178802272367 1.2344001728895562 1.2220722495330456 1.2099721197045195 1.19773835918161 1.1858451347246668 1.1739696216716207 1.1622025191227765 1.150627311147054 1.1391801478192984 1.1277054056250548 1.116475396529126 1.1052806380873972 1.0943087987971365 1.0833053231390222 1.0724895855526384 1.0617666052703802 1.0511759035721022 1.040656296163915 1.0302654292645659 1.0199613514000228 1.0097712141910973 1.0000000099946937 
t 0.0 0.04158264807058971 
t 0.02100000000000001 0.08038111894984801 
t 0.04100000000000003 0.12029253713003185 
t 0.06200000000000005 0.15937414408212333 
t 0.08300000000000006 0.19764319268025385 
t 0.10400000000000008 0.2351165770884582 
t 0.12500000000000008 0.2718108402187324 
t 0.1460000000000001 0.3094344388529947 
t 0.16800000000000012 0.3462389517024745 
t 0.19000000000000014 0.38385996849034165 
t 0.21300000000000016 0.41904419791229874 
t 0.23500000000000018 0.45500898546878793 
t 0.2580000000000002 0.49015561862635254 
t 0.2810000000000002 0.5259782066754543 
t 0.3050000000000002 0.5609508675198939 
t 0.32900000000000024 0.5950937665439321 
t 0.35300000000000026 0.6284265906876523 
t 0.3770000000000003 0.6623075912387345 
t 0.4020000000000003 0.6953516535767043 
t 0.4270000000000003 0.7288518725378506 
t 0.45300000000000035 0.7614918867752324 
t 0.47900000000000037 0.7945004904845923 
t 0.5060000000000003 0.8266293519401815 
t 0.5330000000000004 0.8579019179511982 
t 0.5600000000000004 0.8894526694142252 
t 0.5880000000000004 0.9201318233029914 
t 0.6160000000000004 0.9510134942655627 
t 0.6450000000000005 0.9820310105942055 
t 0.6750000000000005 1.012131368967109 
t 0.7050000000000005 1.0413416888578912 
t 0.7350000000000005 1.0715479809561679 
t 0.7670000000000006 1.1008025052851342 
t 0.7990000000000006 1.1291352510233281 
t 0.8310000000000006 1.15826126847295 
t 0.8650000000000007 1.1864131680776684 
t 0.8990000000000007 1.2144099056191657 
t 0.9340000000000007 1.2429595885997526 
t 0.9710000000000008 1.2704717274410713 
t 1.0079999999999998 1.2976870442372554 
t 1.0459999999999956 1.324563196686023 
t 1.0849999999999913 1.351060440141307 
t 1.124999999999987 1.3777645424333214 
t 1.1669999999999823 1.4039663913033988 
t 1.2099999999999775 1.42963583589229 
t 1.2539999999999727 1.4552908263610451 
t 1.2999999999999676 1.4808317509742697 
t 1.3479999999999623 1.5061642395455273 
t 1.3979999999999568 1.5311996542208883 
t 1.449999999999951 1.5558555009339095 
t 1.5039999999999452 1.5800557605909618 
t 1.559999999999939 1.604523281636781 
t 1.6199999999999324 1.6283097305506662 
t 1.6819999999999256 1.6520607566567576 
t 1.7479999999999183 1.6755949617544457 
t 1.8179999999999106 1.6987453777058898 
t 1.8919999999999024 1.7216397043614 
t 1.9709999999998937 1.7445891887498868 
t 2.0569999999998845 1.7670492069417443 
t 2.1489999999998743 1.7894387238252023 
t 2.249999999999863 1.8113824024057241 
t 2.359999999999851 1.833389353721953 
t 2.4839999999998374 1.8550208288947203 
t 2.622999999999822 1.876466789459237 
t 2.7829999999998045 1.897648192855793 
t 2.970999999999784 1.9186874076721665 
t 3.2009999999997585 1.939469141470865 
t 3.495999999999726 1.9600772971999538 
t 3.91199999999968 1.9804575716178083 
t 4.6259999999998795 1.9999999800106238 
t 18.41199999999952 2.0 
